pm120213-bd120269
jn110091-id110148
zj100309-tm100422
sa120001-ms120042
ma120245-km120115
vn110012-tm110104
vp080514-ks070365
mm120219-bs120162
mn090545-mj080009
vo110423-so110041
mm090068-gm080512
pt120296-mn120222
ms090384-ba110359
vs070120-pd100533
rd100161-rd100020
rb090255-pn080421
vm090028-dj110173
ls090142-gn090079
 3 3 10 4 1 1 28 28 32 27 31 31 28 31 30 26 28 28 31 30 27 29 33 30 28 26 26 30 28 27 13 24 33 30 26 4 1 4 4 4 15 12 9 11 11 13 14 13 15 10 7 13 9 19 22 9 4 2 2 4 2 8 1 8 3 1 2 3 3 3 4 3 3 1 2 2 2 8 3 6 8 6 5 2 8 1 1 1 1 1 1 2 2 4 3 2 3 1 1 2 2 1 1 2 1 5 1 1 2 1 1 2 3 1 2 1 1 1 2 2 1 1 1 1 1 2 1 2 2 2 1 1 2 1 1 1 1 1 1 1 1 1 1 1 1 1 1 1 1 1 1 1 1 1 1
Nodes with the highest Degree:+
md090484 33
db070513 33
sa120028 32
gd120321 31
so120559 31
jv120136 31
vs100504 31
pm100076 30
sa100122 30
mn120151 30
rn080530 30
pn100400 30
oo120362 29
tm120142 28
sb120140 28
mb100159 28
ka990065 28
vs100512 28
rm120389 28
mn120342 28
